POST /collect HTTP/1.1
Host: k.clarity.ms
Cookie: MUID=08E9BC3E447E66CB00ADAA7845346719
User-Agent: Mozilla/5.0 (Windows NT 10.0; Win64; x64; rv:145.0) Gecko/20100101 Firefox/145.0
Accept: */*
Accept-Language: pt-BR,pt;q=0.8,en-US;q=0.5,en;q=0.3
Accept-Encoding: gzip, deflate
Referer: https://www.zeroum.bet/
Content-Type: text/plain;charset=UTF-8
Content-Length: 2007
Origin: https://www.zeroum.bet
Sec-Fetch-Dest: empty
Sec-Fetch-Mode: cors
Sec-Fetch-Site: cross-site
Te: trailers
Connection: close

{"e":["0.8.41",3,1140,4100,"rjz72wzpkd","16g1myi","o8dbw1",1,0,0,0,"https://www.zeroum.bet/"],"a":[[352,12,616,91,377],[384,12,616,93,377],[399,12,616,95,377],[415,12,408,96,377],[915,12,408,100,376],[930,12,246,115,360],[946,12,407,131,343],[962,12,407,149,324],[993,12,313,183,294],[1009,12,313,211,266],[1024,12,313,237,241],[1040,12,313,258,222],[1055,12,128,276,207],[1071,12,128,288,196],[1087,12,128,295,191],[1118,12,421,305,187],[1290,12,421,303,186],[1321,12,421,301,189],[1337,12,421,301,192],[1352,12,421,300,193],[1368,12,421,300,194],[1430,12,421,301,194],[1446,12,421,301,193],[1477,12,421,303,192],[1493,12,421,304,191],[1509,12,421,306,190],[1524,12,421,308,188],[1540,12,421,310,187],[1555,12,421,313,185],[1571,12,421,315,185],[1587,12,421,316,184],[1618,12,421,323,181],[1649,12,421,328,179],[1665,12,421,334,176],[1680,12,421,339,175],[1696,12,421,344,172],[1727,12,421,350,169],[1743,12,421,357,167],[1759,12,421,363,165],[1774,12,421,374,160],[1790,12,421,387,155],[1805,12,421,403,149],[1821,12,421,419,142],[1837,12,421,428,138],[1852,12,421,445,130],[1884,12,421,484,116],[1899,12,421,499,112],[2227,12,421,501,112],[2259,12,421,502,112],[2274,12,421,503,112],[2305,12,421,504,112],[2321,12,421,505,112],[2368,12,421,506,112],[2415,12,421,506,111],[2430,12,421,507,111],[2446,12,421,508,110],[2477,12,421,511,108],[2493,12,421,512,105],[2509,12,421,514,102],[2524,12,421,516,97],[2540,12,421,517,91],[2555,12,421,518,84],[2571,12,128,518,72],[2587,12,128,518,70],[2602,12,93,518,63],[2618,12,93,518,60],[2634,12,93,518,59],[2649,12,93,518,57],[2665,12,93,518,56],[3227,12,93,518,55],[3259,12,93,518,54],[3274,12,93,520,49],[3290,12,123,526,42],[3305,12,156,531,35],[3321,12,156,540,28],[3337,12,123,553,22],[3352,12,93,566,17],[3368,12,93,584,10],[3384,12,93,603,5],[3399,12,93,617,2],[3415,12,93,627,0],[1140,4,1,1498,5123,1498,917,0,0,0,0,666,0,null,null,null,null,null,null,null,null,null,null,null,null,null,null],[5240,0,2,528,3,0,4,18,5,3,25,87],[5240,36,6,[3672,0,4684,0]]]}